procs -----------memory---------- ---swap-- -----io---- -system-- ------cpu-----
 r  b   swpd   free   buff  cache   si   so    bi    bo   in   cs us sy id wa st
10  0 1899352 548047424 548620 418260416    0    0    72    53    0    0 10  1 89  0  0
23  0 1899352 547318848 548628 418261920    0    0     0    75 82619 23899 26  0 74  0  0
14  0 1899352 540266048 548632 421083712    0    0     0  1845 98035 23313 26  1 73  0  0
 8  0 1899352 538002560 548636 421951040    0    0     0   650 62909 32544 15  1 84  0  0
 9  0 1899352 538338944 548636 421950496    0    0     0   434 74166 13429 16  1 83  0  0
10  0 1899352 538848832 548640 421954560    0    0     0  5775 60868 27185 17  0 82  0  0
10  0 1899352 539013440 548652 421956288    0    0     1   370 47297 16772 14  0 86  0  0
 8  0 1899352 539208000 548656 421990400    0    0     0   502 49323 16647 15  0 85  0  0
 5  0 1899352 539206656 548668 422074304    0    0     0   560 53123 17620 16  0 84  0  0
 8  0 1899352 539180416 548676 422092416    0    0     0   917 48767 17950 15  0 85  0  0
 8  0 1899352 539282688 548680 422094080    0    0     0   751 47166 13652 15  0 85  0  0
 8  0 1899352 539297216 548684 422096000    0    0     0   516 58413 18876 15  0 85  0  0
10  0 1899352 539355456 548692 422098080    0    0     0    48 48638 16354 15  0 85  0  0
10  0 1899352 539375744 548696 422190400    0    0     0   491 44733 13512 14  0 85  0  0
10  0 1899352 539018560 548696 422519296    0    0     0  7511 40799 19394 12  0 88  0  0
203  0 1899352 537990080 548704 422937376    0    0     0 32071 25526 7042  6  1 93  0  0
265  0 1899352 538074432 548712 422727456    0    0     0   960 58812 23523 14  0 85  0  0
12  0 1899352 538526912 548720 422773024    0    0     0 15064 58054 19564 16  0 84  0  0
17  0 1899352 538524992 548728 422773312    0    0     0 149321 78339 14811 17  0 82  0  0
 8  0 1899352 538480128 548844 422551584    0    0     0   594 60077 19296 17  1 82  0  0
 8  0 1899352 538130816 548844 422551584    0    0     0    12 61617 15201 18  0 82  0  0
 9  0 1899352 537797952 548852 422574816    0    0     0   398 52739 21228 15  0 85  0  0
 6  0 1899352 537836608 548860 422552736    0    0     0   881 33527 21442  7  0 92  0  0
 8  0 1899352 537421248 548864 422552096    0    0     0   183 175769 144942 12  2 85  0  0
11  0 1899352 537294528 548864 422577440    0    0     0    78 83143 113585  9  2 89  0  0
30  0 1899352 537844288 548864 422552256    0    0     0    24 71740 112452 11  1 89  0  0
11  0 1899352 537886080 548864 422576448    0    0     0   114 67237 109619  9  1 90  0  0
 7  0 1899352 537949504 548872 422552256    0    0     0    53 63347 114087  7  1 92  0  0
12  0 1899352 538056704 548880 422552288    0    0     0   180 68846 116471  9  1 90  0  0
11  0 1899352 537986112 548888 422582944    0    0     0  5038 65476 98948  8  1 91  0  0
10  0 1899352 538006784 548896 422585216    0    0     1   704 27274 17721  7  0 93  0  0
 8  0 1899352 538901376 548904 421724832    0    0     0    75 33332 16287  7  0 93  0  0
113  0 1899352 538956288 548908 421756480    0    0     0    52 21115 12030  6  0 94  0  0
10  0 1899352 538989760 548908 421789312    0    0     0   142 23277 8610  6  1 93  0  0
 5  0 1899352 538695104 548912 421784832    0    0     0   627 30481 28420  6  1 94  0  0
 7  0 1899352 538370688 548920 421784800    0    0     0   118 42265 12910 12  1 87  0  0
 8  0 1899352 538532992 548944 421805504    0    0     0    85 59018 24972 17  0 82  0  0
 7  0 1899352 538791680 548948 421827552    0    0     0   170 72890 15657 18  0 81  0  0
 9  0 1899352 538862272 548948 421825248    0    0     0  2038 53057 14132 15  0 85  0  0
12  0 1899352 538642624 548948 421825248    0    0     0    30 56627 16915 17  0 83  0  0
 5  0 1899352 538353152 548948 421825248    0    0     0   314 60274 16658 18  0 81  0  0
 8  0 1899352 538054080 548948 421826688    0    0     0  5011 43606 27289 11  0 88  0  0
 6  0 1899352 538036864 548952 421826688    0    0     0    65 20857 9206  6  0 94  0  0
 4  0 1899352 537901696 548952 421825920    0    0     0   182 21260 9993  5  0 94  0  0
 4  0 1899352 537975360 548956 421825888    0    0     0    47 27261 7908  6  0 94  0  0
 7  0 1899352 538540672 548956 421828352    0    0     0    93 51286 20099 16  0 84  0  0
 8  0 1899352 538465152 548960 421828384    0    0     0   248 56390 16818 17  0 82  0  0
 9  0 1899352 538558016 548968 421828896    0    0     0    68 57847 16458 18  0 82  0  0
 8  0 1899352 538540096 548972 421828416    0    0     0    39 51446 15370 16  0 83  0  0
 8  0 1899352 538621440 548976 421827776    0    0     0   146 57500 20861 17  0 83  0  0
 7  0 1899352 538656192 548992 421836416    0    0     0  1784 57463 19437 14  0 86  0  0
 8  0 1899352 538735104 549000 421844192    0    0     0  1773 54172 16261 16  0 83  0  0
10  0 1899352 538704576 549008 421860608    0    0     0    87 61293 24038 17  0 83  0  0
 8  0 1899352 538687360 549024 421952896    0    0     0  8398 57318 19007 16  0 83  0  0
230  0 1899352 538751360 549040 421969568    0    0     0    70 62551 16702 19  0 81  0  0
269  0 1899352 538595136 549040 421985696    0    0     0  5013 61973 20851 17  0 82  0  0
228  0 1899352 537132736 549040 422018496    0    0     1 10198 60441 28514 11  1 88  0  0
105  0 1899352 537985472 549052 422067616    0    0     0  3615 90865 51340 10  1 89  0  0
 9  0 1899352 538148096 549056 422149600    0    0     0  8331 155306 142231 11  2 86  0  0
12  0 1899352 538284032 549060 422166016    0    0     0  4250 65492 111917  7  1 92  0  0
10  0 1899352 538358656 549064 422166048    0    0     0  3384 65043 113454  8  1 91  0  0
10  0 1899352 538442752 549068 422182432    0    0     0  2515 63677 110817  7  1 92  0  0
11  0 1899352 538420160 549080 422182432    0    0     0  1764 67286 122119  8  1 91  0  0
 9  0 1899352 538477376 549088 422198848    0    0     0  3398 72825 115178  8  1 91  0  0
10  0 1899352 538438208 549096 422215264    0    0     0   199 50647 81376  5  1 94  0  0
14  0 1899352 537927040 549104 422231776    0    0     0  8398 30032 17333  7  1 93  0  0
 8  0 1899352 537925056 549104 422231808    0    0     0  1762 22140 10436  6  0 94  0  0
262  0 1899352 537214208 549104 422231808    0    0     0  1701 25325 9773  6  1 93  0  0
261  0 1899352 537494272 549104 422231840    0    0     0    98 59796 15515 19  0 81  0  0
 7  0 1899352 537724288 549108 422248256    0    0     0   163 54848 18911 16  0 84  0  0
 5  0 1899352 537800384 549108 422281024    0    0     0  6664 83891 17080 19  0 81  0  0
 8  0 1899352 537817728 549112 422313824    0    0     0  5098 66402 24866 19  0 81  0  0
 4  0 1899352 537780352 549116 422338400    0    0     0  8234 56864 16101 16  0 83  0  0
 8  0 1899352 537785664 549120 422371200    0    0     0  3411 58512 20747 17  0 83  0  0
 8  0 1899352 536077376 549128 422631456    0    0     0  4950 70987 23970 19  1 80  0  0
10  0 1899352 536458208 549152 422412576    0    0     0  3487 66203 21284 20  0 80  0  0
 9  0 1899352 536545184 549160 422437152    0    0     0  9932 108774 30727 31  0 68  0  0
 7  0 1899352 536289728 549164 422463648    0    0 26150  5020 102724 21236 28  0 71  0  0
 7  0 1899352 535657152 549176 422474144    0    0 102809  4343 95094 30481 28  1 71  0  0
 5  0 1899352 534689920 549184 422489120    0    0 137762  3776 93936 23753 28  1 72  0  0
 8  0 1899352 531338336 549188 422574208    0    0 597952  4960 79141 27379 18  1 80  0  0
96  0 1899352 528884480 549188 422666880    0    0 453262  5783 84739 28389 21  1 77  0  0
 4  0 1899352 528989536 549188 422699648    0    0     0  3533 89190 27299 27  0 73  0  0
 6  0 1899352 528919776 549188 422719168    0    0 39088  9874 101488 24272 26  1 74  0  0
 7  0 1899352 529017440 549192 422719104    0    0     0   157 90046 22608 28  0 72  0  0
 8  0 1899352 528532320 549192 422719168    0    0     0    30 66285 20642 21  0 79  0  0
 9  0 1899352 528638592 549196 422719168    0    0     0   138 97138 22661 26  0 74  0  0
 7  0 1899352 528744192 549200 422719168    0    0     0   105 100716 29458 30  0 70  0  0
18  0 1899352 528843040 549204 422719200    0    0     0   184 89947 18580 27  0 72  0  0
263  0 1899352 528665792 549240 422719328    0    0     0  5127 92326 23333 28  0 72  0  0
262  0 1899352 528578592 549252 422719392    0    0     0   158 113301 21044 28  0 72  0  0
10  0 1899352 528189504 549252 422723616    0    0     0   375 67275 26229 20  0 80  0  0
11  0 1899352 528111072 549256 422732480    0    0     0  2198 143496 108753 12  2 87  0  0
276  0 1899352 528815616 549260 422748864    0    0     0  1726 103747 128530 12  2 87  0  0
 9  0 1899352 528663040 549264 422749376    0    0     0  1906 84714 133395 12  2 87  0  0
10  0 1899352 528926208 549272 422757568    0    0     0  1804 61445 109173  8  1 92  0  0
 9  0 1899352 529124768 549280 422765760    0    0     0  1691 68605 109930  7  1 92  0  0
10  0 1899352 529186624 549280 422790336    0    0     0  4966 62740 122096  7  1 92  0  0
 7  0 1899352 529342144 549288 422823200    0    0     0    25 84300 113792 13  1 86  0  0
 5  0 1899352 529319104 549292 422839616    0    0     0  5101 32075 33885  4  1 95  0  0
 8  0 1899352 529423840 549296 422856064    0    0     0  5065 29259 16074  7  1 93  0  0
 7  0 1899352 529455296 549296 422864608    0    0     0  8484 20944 14693  4  1 95  0  0
 9  0 1899352 529417056 549320 422880768    0    0     0   100 28339 15012  6  1 93  0  0
 7  0 1899352 529491264 549320 422889056    0    0     0  4253 28951 10312  4  1 95  0  0
 8  0 1899352 528461632 549328 422905536    0    0     0  2601 26882 7865  7  1 92  0  0
 6  0 1899352 528484480 549336 422913600    0    0     0  4990 52055 17312 14  1 85  0  0
 5  0 1899352 528443744 549344 422938176    0    0     0  3482 63232 24606 17  0 83  0  0
 9  0 1899352 528495648 549352 422954560    0    0     0  1754 50755 12214 13  0 87  0  0
 4  0 1899352 528373632 549360 422962784    0    0     0  3327 63242 27457 17  0 82  0  0
 7  0 1899352 528192928 549364 422985280    0    0     0  5082 68457 18081 17  0 82  0  0
13  0 1899352 528007168 549368 423013952    0    0     0  4862 57552 18592 17  0 83  0  0
 9  0 1899352 527926112 549368 423039232    0    0     0  5778 32178 24709  6  0 93  0  0
 9  0 1899352 527788608 549372 423057536    0    0     0  4384 30829 19070  6  0 93  0  0
 8  0 1899352 527785856 549380 423061024    0    0     0  6952 25113 9275  7  0 93  0  0
 9  0 1899352 527809792 549396 423065152    0    0     0  1586 26720 12426  7  0 93  0  0
10  0 1899352 527768736 549400 423069184    0    0     0  1375 28068 15065  7  0 93  0  0
 7  0 1899352 527721216 549408 423073184    0    0     0  1552 31435 11699  6  0 94  0  0
10  0 1899352 527719616 549416 423104192    0    0     0   917 32639 20229  8  0 92  0  0
 8  0 1899352 527638560 549416 423080896    0    0     0   131 28530 14145  7  0 92  0  0
10  0 1899352 527623584 549416 423081856    0    0     0  1041 24066 11366  6  0 93  0  0
12  0 1899352 527737856 549416 423112000    0    0     0  1328 27667 12022  7  0 92  0  0
12  0 1899352 528485216 549424 423092736    0    0     0  1374 29709 14618  7  1 92  0  0
11  0 1899352 528893376 549424 423096192    0    0     0  1035 42571 14732  9  1 90  0  0
12  0 1899352 529039680 549432 423098304    0    0     0   898 27926 12146  8  0 92  0  0
12  0 1899352 528928960 549432 423122240    0    0     0  1593 28705 13031  7  1 92  0  0
10  0 1899352 528618880 549432 423108928    0    0     0  6094 27152 9831  7  0 93  0  0
11  0 1899352 528589600 549436 423113312    0    0     0  1493 35610 24094  9  0 91  0  0
16  0 1899352 528236224 549444 423132224    0    0     0   940 185022 143519 14  2 84  0  0
17  0 1899352 528369888 549448 423128576    0    0     0  1252 65731 107925  9  1 90  0  0
12  0 1899352 535555520 549452 423123936    0    0     0   800 77799 112290  9  1 90  0  0
161  0 1899352 535566752 549464 423127968    0    0     0  1699 98480 129565 17  1 81  0  0
16  0 1899352 535535232 549464 423132384    1    0     1   980 111411 141772 22  1 77  0  0
26  0 1899352 534850560 549464 423135776    0    0     0  1373 124226 131190 26  2 72  0  0
10  0 1899352 535020640 549468 423139232    0    0     0   946 106245 60466 28  1 72  0  0
37  0 1899352 535306784 549468 423142752    0    0     0  1324 92404 24552 29  0 71  0  0
11  0 1899352 535500640 549468 423146560    0    0     0   791 110204 30791 30  0 70  0  0
12  0 1899352 535362688 549472 423147616    0    0     0  1021 104395 26039 29  0 70  0  0
 9  0 1899352 535206432 549480 423152512    0    0     0  6795 90273 22455 28  0 72  0  0
 9  0 1899352 536125696 549488 423158944    0    0     0  1363 93280 28427 27  0 72  0  0
 9  0 1899352 535680736 549492 423147168    0    0 21237   827 56927 20251 17  0 83  0  0
11  0 1899352 534968288 549496 423144800    0    0 94834   988 77614 24877 21  1 77  0  0
14  0 1899352 534397280 549500 423152256    0    0 127129  1319 74009 25254 21  1 78  0  0
11  0 1899352 532084448 549508 423194848    0    0 431249  1924 51941 14324  8  1 90  0  0
18  0 1899352 528942912 549516 423230336    0    0 607105    46 43023 16598  7  2 91  0  0
11  0 1899352 528800800 549536 423226816    0    0 21230  1074 61694 23357 18  0 81  0  0
11  0 1899352 528303520 549544 423232640    0    0     0  1354 45832 11172 15  0 85  0  0
11  0 1899352 528293696 549548 423235904    0    0     0   834 54107 17401 17  0 83  0  0
11  0 1899352 527076320 549556 423258688    0    0 38190  1478 68513 30899 19  1 80  0  0
11  0 1899352 527317984 549560 423241568    0    0     0   932 52301 14224 17  0 83  0  0
11  0 1899352 527537856 549568 423242752    0    0     0  5946 84281 23409 19  1 80  0  0
11  0 1899352 527716928 549572 423246336    0    0     0  1442 61989 19933 19  0 81  0  0
10  0 1899352 527497120 549576 423252320    0    0     0  1367 81341 24643 23  1 76  0  0
10  0 1899352 527487712 549584 423256448    0    0     0   833 91765 27226 28  0 72  0  0
11  0 1899352 527578848 549588 423257184    0    0     0   923 95706 28489 30  0 70  0  0
11  0 1899352 527307968 549592 423260448    0    0     0  1845 93281 38730 26  0 73  0  0
 7  0 1899352 534266912 549600 423269152    0    0     0  2134 104499 21019 24  0 76  0  0
 8  0 1899352 533713472 549612 423269056    0    0 53268   822 102087 36508 30  1 69  0  0
12  0 1899352 532773952 549612 423288576    0    0 103586   932 96039 26559 30  0 70  0  0
30  0 1899352 532029184 549612 423276000    0    0 165252  1326 62462 28919 16  1 83  0  0
11  0 1899352 528716672 549616 423342720    0    0 641339  6893 53801 19859  9  2 88  0  0
13  0 1899352 527321664 549616 423363488    0    0 333964  2863 54378 19097 13  1 86  0  0
63  0 1899352 527268192 549628 423360768    0    0     0  5702 93435 56159 17  1 82  0  0
16  0 1899352 528338528 549636 423365120    0    0     0  1708 184347 141719 17  2 80  0  0
12  0 1899352 534754592 549636 423369216    0    0     0  1466 92561 119610 18  1 81  0  0
14  0 1899352 534729280 549640 423372992    0    0     0   875 105424 133532 21  1 78  0  0
 8  0 1899352 533637344 549640 423373952    0    0     0    10 105172 134223 21  1 78  0  0
12  0 1899352 534868224 549640 423379616    0    0     0  1288 100577 138591 20  1 80  0  0
268  0 1899352 534904128 549644 423381024    0    0     0  1017 85528 74352 20  1 79  0  0
267  0 1899352 534984480 549644 423387520    0    0     0  1436 76906 19759 19  0 81  0  0
264  0 1899352 535060704 549652 423387136    0    0     0   951 66619 20965 21  0 79  0  0
 6  0 1899352 534229440 549660 423393696    0    0     0  1346 67291 22199 19  1 79  0  0
281  0 1899352 534445984 549668 423395712    0    0     0   940 87107 29664 27  0 73  0  0
14  0 1899352 534630848 549676 423400960    0    0     0  1587 94199 23306 27  0 73  0  0
212  0 1899352 534123968 549680 423397440    0    0 64970  6019 91368 23896 29  0 71  0  0
275  0 1899352 533091136 549684 423410304    0    0 108834  1230 100343 36347 27  1 72  0  0
260  1 1899352 530972704 549692 423407680    0    0 321639   838 106202 23421 25  1 74  0  0
84  6 1899352 526773888 549696 423435296    0    0 739433  1406 82858 27799 20  1 79  0  0
15  0 1899352 526225312 549700 423420768    0    0 56727   906 60353 29280 17  0 83  0  0
11  0 1899352 526406912 549704 423421312    0    0     0   880 52663 19620 16  0 84  0  0
12  0 1899352 531467264 549704 423423808    0    0 37487  1750 41467 17123 11  1 88  0  0
11  0 1899352 534019904 549708 423426752    0    0     0  1372 33571 12432 10  0 90  0  0
 8  0 1899352 535198368 549716 423430720    0    0     0   975 86451 30061 26  0 73  0  0
 9  0 1899352 535362528 549716 423432480    0    0     0   823 115348 25257 31  0 68  0  0
11  0 1899352 535338496 549716 423438880    0    0     0  1481 99928 33596 31  0 69  0  0
10  0 1899352 535350784 549736 423440288    0    0     0   949 92523 24009 30  0 69  0  0
 9  0 1899352 535455872 549744 423446528    0    0     0  6707 88469 23206 28  0 71  0  0
 9  0 1899352 534810400 549748 423447616    0    0     0   777 96191 28169 31  0 69  0  0
 9  0 1899352 534827168 549748 423453984    0    0     0  1576 60748 18180 18  0 81  0  0
44  0 1899352 534889408 549752 423455680    0    0     0   874 65856 17532 18  0 82  0  0
 9  0 1899352 534928992 549752 423462112    0    0     0  1474 60405 18634 18  0 82  0  0
11  0 1899352 535133376 549756 423465728    0    0     0   911 60192 21355 18  0 81  0  0
 9  0 1899352 535207904 549756 423470560    0    0     0   698 68279 20515 21  0 78  0  0
74  0 1899352 535165344 549760 423471456    0    0     0  1025 59837 18157 16  0 84  0  0
14  0 1899352 534551232 549760 423496480    0    0     0  1355 33814 13125  8  1 90  0  0
13  0 1899352 534951136 549760 423498464    0    0     0   840 39736 14734 11  0 89  0  0
10  0 1899352 535076128 549764 423483904    0    0     0   917 32733 8624  7  0 93  0  0
48  0 1899352 534783328 549764 423489632    0    0     0  1504 146878 115809 12  2 86  0  0
12  0 1899352 534760384 549792 423492672    0    0     0  6175 124069 126518 21  1 78  0  0
19  0 1899352 534828864 549792 423530592    0    0     0  1315 102712 123667 21  1 78  0  0
14  0 1899352 534440416 549796 423509536    0    0 62187   825 90951 116951 18  1 81  0  0
10  0 1899352 533554848 549804 423515680    0    0 101854  1235 112646 147888 21  1 78  0  0
14  0 1899352 532542656 549812 423535040    0    0 146691   893 124472 130259 19  1 79  0  0
10  0 1899352 529540192 549816 423565088    0    0 553835  1442 61879 50133  8  2 90  0  0
14  0 1899352 527288960 549816 423530464    0    0 429615  1156 47714 18307 10  1 89  0  0
11  0 1899352 527086496 549820 423531520    0    0     0   920 60806 18745 18  1 81  0  0
 7  0 1899352 526995104 549820 423534688    0    0     0  1261 93383 29303 28  0 72  0  0
10  0 1899352 527065024 549824 423540512    0    0 38418  1934 88307 29305 27  0 73  0  0
10  0 1899352 527192064 549828 423543968    0    0     0   838 94674 22663 31  0 69  0  0
266  0 1899352 527289568 549836 423545056    0    0     0   814 109953 25614 29  0 70  0  0
270  0 1899352 527379072 549844 423551392    0    0     0  6736 95937 27856 30  0 69  0  0
265  0 1899352 527471008 549852 423551872    0    0     0   811 94689 21205 30  0 70  0  0
263  0 1899352 527522944 549876 423557856    0    0     0  1380 105016 32223 31  0 68  0  0
62  0 1899352 527511232 549876 423561248    0    0     0   880 95232 20611 30  0 70  0  0
433  0 1899352 527516256 549888 423562240    0    0     0   835 103543 26906 30  0 69  0  0
265  0 1899352 527250880 549892 423571840    0    0     0  2434 93774 38312 24  0 75  0  0
262  0 1899352 527331232 549896 423577536    0    0     0  1587 60601 18174 18  0 81  0  0
261  0 1899352 527436832 549896 423581120    0    0     0   910 64960 21138 20  0 80  0  0
194  0 1899352 527483264 549900 423582496    0    0     0    28 57599 16960 18  0 81  0  0
10  0 1899352 527454048 549908 423588224    0    0     0  1441 63312 24136 19  0 80  0  0
17  0 1899352 527948096 549916 423592000    0    0     0   810 61601 15473 20  0 80  0  0
 7  0 1899352 527925344 549916 423596352    0    0     0  1446 33271 14942  8  0 92  0  0
 7  0 1899352 534904160 549932 423600224    0    0     0  6243 67567 20367 16  1 84  0  0
14  0 1899352 534938752 549936 423601856    0    0     0  1049 102914 30239 28  0 72  0  0
11  0 1899352 533339136 549936 424436320    0    0     0  1379 103135 32923 30  1 69  0  0
10  0 1899352 534100096 549940 423611456    0    0     0   820 97658 25819 31  0 68  0  0
12  0 1899352 534047776 549960 423615744    0    0     0  1494 99940 28129 29  0 70  0  0
11  0 1899352 533195744 549964 423619072    0    0     0   873 102043 27527 32  0 68  0  0
11  0 1899352 533041312 549964 423648160    0    0     0  1131 85276 29512 23  0 77  0  0
10  0 1899352 534092928 549972 423628480    0    0     0  1511 72572 16952 20  0 80  0  0
 9  0 1899352 534228864 549976 423630624    0    0     0  1515 56600 20406 16  1 83  0  0
15  0 1899352 534305504 549980 423635008    0    0     0   930 26465 8521  8  0 92  0  0
10  0 1899352 534212576 549980 423636928    0    0     0   914 181617 144364 14  2 84  0  0
14  0 1899352 534411200 549988 423642112    0    0     0  1398 75112 116629 11  1 88  0  0
11  0 1899352 534494272 549992 423645120    0    0     0  6596 76994 116814 12  1 87  0  0
14  0 1899352 534535424 549996 423647648    0    0     0   523 67998 105745  7  1 92  0  0
13  0 1899352 534549984 550004 423676672    0    0     0   795 61544 115328  7  1 92  0  0
19  0 1899352 534634240 550008 423650592    0    0     0   625 64091 118597  8  1 91  0  0
 8  0 1899352 534605568 550032 423656768    0    0     0  1817 70569 103015  9  1 89  0  0
11  0 1899352 534600768 550040 423659808    0    0     0   952 39407 36029  8  1 92  0  0
 9  0 1899352 532371264 550044 423684800    0    0   626  1177 51402 25096 11  1 88  0  0
 7  0 1899352 533100768 550044 423662688    0    0     0   662 160569 30154 16  2 82  0  0
10  0 1899352 533637280 550052 423665536    0    0     0  1418 197046 34723 18  1 81  0  0
 9  0 1899352 533952192 550060 423670720    0    0     0  1196 156598 27689 16  1 83  0  0
 6  0 1899352 534108800 550068 423673920    0    0     0   754 81281 16382 19  1 81  0  0
11  0 1899352 534060864 550068 423674080    0    0     0   672 75767 22894 17  1 82  0  0
10  0 1899352 533880992 550084 423679712    0    0 2213562 425959 166119 140823 18  1 81  0  0
15  0 1899352 533375712 550088 423683456    0    0     0   797 43127 27434 11  0 89  0  0
 8  0 1899352 533482624 550088 423685376    0    0     0  1131 36622 16077  7  0 93  0  0
10  0 1899352 534221120 550092 423688960    0    0     0   866 40983 10680 12  1 87  0  0
268  0 1899352 534635520 550120 423689472    0    0     0   846 67768 22730 20  0 80  0  0
266  0 1899352 534555520 550120 423703008    0    0 26743  1296 61901 16239 17  0 82  0  0
91  0 1899352 533849088 550120 423707968    0    0 95123  1367 68264 25165 18  1 81  0  0
 9  0 1899352 533051008 550128 423705696    0    0 124082   570 69918 17690 21  0 79  0  0
10  0 1899352 530900736 550132 423731360    0    0 382778   598 42533 15335  9  1 90  0  0
13  0 1899352 527406592 550132 423709440    0    0 661195   670 54506 16826  7  1 91  0  0
13  0 1899352 527946464 550136 423704448    0    0   378   627 52137 17423 16  0 84  0  0
 9  0 1899352 528041312 550144 423707648    0    0     0  1627 58143 23878 17  1 83  0  0
10  0 1899352 528048640 550148 423715168    0    0 39349  5455 53181 14348 16  1 84  0  0
 7  0 1899352 528071872 550160 423742656    0    0     0  1329 63688 20104 20  0 80  0  0
282  0 1899352 527689184 550164 423720288    0    0     0    34 73318 22226 22  1 77  0  0
14  0 1899352 527695616 550164 423722656    0    0     0  1151 126691 28619 29  1 70  0  0
74  0 1899352 527880512 550172 423725824    0    0     0  1206 94484 26522 29  0 71  0  0
15  0 1899352 527969216 550176 423728864    0    0     0   646 91154 24296 28  0 71  0  0
 7  0 1899352 527795584 550200 423732000    0    0     0   847 96636 28010 30  0 70  0  0
 8  0 1899352 527529920 550204 423731712    0    0     0   730 93383 24579 30  0 69  0  0
29  0 1899352 526868480 550204 423738176    0    0     0  1222 131814 66713 30  1 69  0  0
12  0 1899352 525041920 550212 423742944    0    0     0  1150 160356 151103 13  2 85  0  0
11  0 1899352 526854048 550220 423745888    0    0     0  1174 87070 118408 10  2 88  0  0
13  0 1899352 527326560 550228 423746432    0    0     0   674 73967 114981 11  1 88  0  0
13  0 1899352 527322912 550236 423751808    0    0     0  6524 68069 116880  8  1 91  0  0
78  0 1899352 527421856 550248 423754592    0    0     0   740 73422 126699 10  1 89  0  0
 9  0 1899352 527411200 550252 423757312    0    0     0  1157 73803 120759 10  1 89  0  0
11  0 1899352 527405216 550256 423760128    0    0     0  1168 45410 58898  6  1 93  0  0
36  0 1899352 527419840 550256 423760320    0    0     0   702 37091 15567  7  0 93  0  0
13  0 1899352 527248352 550264 423762720    0    0     0  1444 40754 36876  7  1 93  0  0
 9  0 1899352 527204864 550268 423797120    0    0     0  1508 29931 10934  7  0 92  0  0
10  0 1899352 527284480 550296 423789216    0    0     0  1247 26655 15053  4  1 95  0  0
10  0 1899352 527576320 550300 423771776    0    0     0   855 31151 17239  8  0 92  0  0
11  0 1899352 527103840 550304 423775296    0    0     0  1137 48839 14265 14  1 85  0  0
 8  0 1899352 527290304 550304 423780384    0    0     0  1196 63184 22195 19  0 81  0  0
 9  0 1899352 527413344 550312 423783648    0    0     0   845 63137 16921 14  0 85  0  0
10  0 1899352 527526496 550320 423786944    0    0     0  6187 55652 26049 16  0 84  0  0
 9  0 1899352 527455744 550328 423790240    0    0     1  1342 62162 21297 18  1 82  0  0
 8  0 1899352 527425312 550332 423790496    0    0     0   731 54550 18898 16  0 83  0  0
 9  0 1899352 527215200 550336 423796512    0    0     0  1378 60129 13186 19  0 81  0  0
10  0 1899352 526990528 550340 423800672    0    0     0   882 28704 24339  5  1 94  0  0
10  0 1899352 525729248 550344 423801344    0    0     0   824 31726 17527  5  0 94  0  0
 7  0 1899352 527659712 550344 423807008    0    0     0   609 48169 12282 15  0 85  0  0
 9  0 1899352 527722464 550344 423809440    0    0     0   700 54192 19589 17  0 83  0  0
 8  0 1899352 527784384 550368 423810816    0    0     0  1384 65171 20192 20  0 80  0  0
10  0 1899352 527755520 550372 423813248    0    0     0   700 57662 20292 17  0 82  0  0
 9  0 1899352 528021408 550372 423815744    0    0     0   534 57115 16962 18  0 82  0  0
13  0 1899352 528073600 550376 423816736    0    0     0   750 57585 15278 18  0 82  0  0
 7  0 1899352 528112288 550376 423822144    0    0     0  6750 52354 14610 13  0 87  0  0
240  0 1899352 528191040 550376 423824992    0    0     0  1120 55118 12733 18  0 82  0  0
264  0 1899352 528284384 550376 423827968    0    0     0   633 59880 19923 18  0 82  0  0
265  0 1899352 528318592 550380 423827808    0    0     0   702 58457 16548 19  0 81  0  0
49  0 1899352 528371744 550388 423833088    0    0     0  1120 56490 17973 18  0 82  0  0
12  0 1899352 528283136 550388 423835488    0    0     0  1368 52398 16403 15  0 84  0  0
12  0 1899352 525566400 550388 425105536    0    0     0   719 43319 18081 10  1 89  0  0
